[gd_scene load_steps=7 format=2]

[ext_resource path="res://assets/buildings/Building_Industry_1.tscn" type="PackedScene" id=1]
[ext_resource path="res://scenes/tiles/tile.tscn" type="PackedScene" id=2]
[ext_resource path="res://assets/bins/TrashBin_Yellow.tscn" type="PackedScene" id=3]
[ext_resource path="res://assets/bins/TrashBin_Red.tscn" type="PackedScene" id=4]
[ext_resource path="res://assets/bins/TrashBin_Green.tscn" type="PackedScene" id=5]
[ext_resource path="res://assets/bins/TrashBin_Blue.tscn" type="PackedScene" id=6]

[node name="industry_yellow" instance=ExtResource( 2 )]

[node name="Building_Industry" parent="." index="0" instance=ExtResource( 1 )]

[node name="Red" parent="Building_Industry/RootNode" index="1"]
visible = false

[node name="Green" parent="Building_Industry/RootNode" index="4"]
visible = false

[node name="Blue" parent="Building_Industry/RootNode" index="5"]
visible = false

[node name="Blue" type="Spatial" parent="." index="1"]
visible = false

[node name="SM_TrashBin_Blue" parent="Blue" index="0" instance=ExtResource( 6 )]
transform = Transform( 1, 0, 0, 0, 1, 0, 0, 0, 1, -3.12181, -0.000856221, 2.73396 )

[node name="SM_TrashBin_Blue2" parent="Blue" index="1" instance=ExtResource( 6 )]
transform = Transform( 0.981293, 0, -0.192522, 0, 1, 0, 0.192522, 0, 0.981293, -3.12181, -0.000856221, 1.51956 )

[node name="SM_TrashBin_Blue3" parent="Blue" index="2" instance=ExtResource( 6 )]
transform = Transform( 0.904827, 0, 0.425779, 0, 1, 0, -0.425779, 0, 0.904827, -3.12181, -0.000856221, 0.0511405 )

[node name="Red" type="Spatial" parent="." index="2"]
visible = false

[node name="SM_TrashBin_Red" parent="Red" index="0" instance=ExtResource( 4 )]
transform = Transform( 1, 0, 0, 0, 1, 0, 0, 0, 1, -3.12181, -0.000856221, 2.73396 )

[node name="SM_TrashBin_Red2" parent="Red" index="1" instance=ExtResource( 4 )]
transform = Transform( 0.980864, 0, -0.194697, 0, 1, 0, 0.194697, 0, 0.980864, -3.0412, -0.000856221, 1.91531 )

[node name="SM_TrashBin_Red3" parent="Red" index="2" instance=ExtResource( 4 )]
transform = Transform( 0.939292, 0, 0.343119, 0, 1, 0, -0.343119, 0, 0.939292, -3.16797, -0.000856221, 0.775113 )

[node name="Yellow" type="Spatial" parent="." index="3"]

[node name="SM_TrashBin_Yellow" parent="Yellow" index="0" instance=ExtResource( 3 )]
transform = Transform( 0.715888, 0, -0.698215, 0, 1, 0, 0.698215, 0, 0.715888, -3.12181, -0.000856221, 2.73396 )

[node name="SM_TrashBin_Yellow2" parent="Yellow" index="1" instance=ExtResource( 3 )]
transform = Transform( 0.999491, 0, -0.0318991, 0, 1, 0, 0.0318991, 0, 0.999491, -3.12181, -0.000856221, 1.6498 )

[node name="SM_TrashBin_Yellow3" parent="Yellow" index="2" instance=ExtResource( 3 )]
transform = Transform( 0.983388, 0, -0.181515, 0, 1, 0, 0.181515, 0, 0.983388, -2.93885, -0.000856221, 0.573053 )

[node name="Green" type="Spatial" parent="." index="4"]
visible = false

[node name="SM_TrashBIn_Green" parent="Green" index="0" instance=ExtResource( 5 )]
transform = Transform( 0.989162, 0, 0.146825, 0, 1, 0, -0.146825, 0, 0.989162, -3.12181, -0.000856221, 2.73396 )

[node name="SM_TrashBIn_Green2" parent="Green" index="1" instance=ExtResource( 5 )]
transform = Transform( 0.989162, 0, 0.146825, 0, 1, 0, -0.146825, 0, 0.989162, -3.12181, -0.000856221, 0.762833 )

[node name="SM_TrashBIn_Green3" parent="Green" index="2" instance=ExtResource( 5 )]
transform = Transform( 0.969011, 0, 0.247016, 0, 1, 0, -0.247016, 0, 0.969011, -3.14376, -0.000856221, -0.675964 )

[editable path="Building_Industry"]
