[gd_scene load_steps=12 format=2]

[ext_resource path="res://assets/buildings/Building_Industry_1.tscn" type="PackedScene" id=1]
[ext_resource path="res://scenes/tiles/tile.tscn" type="PackedScene" id=2]
[ext_resource path="res://assets/bins/TrashBin_Green.tscn" type="PackedScene" id=3]
[ext_resource path="res://assets/bins/TrashBin_Yellow.tscn" type="PackedScene" id=4]
[ext_resource path="res://assets/bins/TrashBin_Red.tscn" type="PackedScene" id=5]
[ext_resource path="res://assets/bins/TrashBin_Blue.tscn" type="PackedScene" id=6]
[ext_resource path="res://scenes/tiles/buildings/industry.gd" type="Script" id=7]
[ext_resource path="res://assets/cars/SM_GarbageTruck_Green.glb" type="PackedScene" id=8]
[ext_resource path="res://assets/cars/SM_GarbageTruck_Yellow.glb" type="PackedScene" id=9]
[ext_resource path="res://assets/cars/SM_GarbageTruck_Blue.glb" type="PackedScene" id=10]
[ext_resource path="res://assets/cars/SM_GarbageTruck_Red.glb" type="PackedScene" id=11]

[node name="industry" instance=ExtResource( 2 )]
script = ExtResource( 7 )

[node name="Blue" type="Spatial" parent="." index="0"]
visible = false

[node name="SM_TrashBin_Blue" parent="Blue" index="0" instance=ExtResource( 6 )]
transform = Transform( 1, 0, 0, 0, 1, 0, 0, 0, 1, -3.12181, -0.000856221, 2.73396 )

[node name="SM_TrashBin_Blue2" parent="Blue" index="1" instance=ExtResource( 6 )]
transform = Transform( 0.981293, 0, -0.192522, 0, 1, 0, 0.192522, 0, 0.981293, -3.1291, -0.000856221, -2.40722 )

[node name="SM_TrashBin_Blue3" parent="Blue" index="2" instance=ExtResource( 6 )]
transform = Transform( 0.904827, 0, 0.425779, 0, 1, 0, -0.425779, 0, 0.904827, 2.79111, -0.000856221, -1.67091 )

[node name="SM_GarbageTruck_Blue" parent="Blue" index="3" instance=ExtResource( 10 )]

[node name="Red" type="Spatial" parent="." index="1"]
visible = false

[node name="SM_TrashBin_Red" parent="Red" index="0" instance=ExtResource( 5 )]
transform = Transform( 1, 0, 0, 0, 1, 0, 0, 0, 1, -3.12181, -0.000856221, 2.73396 )

[node name="SM_TrashBin_Red2" parent="Red" index="1" instance=ExtResource( 5 )]
transform = Transform( 0.980864, 0, -0.194697, 0, 1, 0, 0.194697, 0, 0.980864, -3.0412, -0.000856221, 1.91531 )

[node name="SM_TrashBin_Red3" parent="Red" index="2" instance=ExtResource( 5 )]
transform = Transform( 0.939292, 0, 0.343119, 0, 1, 0, -0.343119, 0, 0.939292, 1.73308, -0.000856221, 2.94233 )

[node name="SM_GarbageTruck_Red" parent="Red" index="3" instance=ExtResource( 11 )]

[node name="Yellow" type="Spatial" parent="." index="2"]
visible = false

[node name="SM_TrashBin_Yellow" parent="Yellow" index="0" instance=ExtResource( 4 )]
transform = Transform( 0.715888, 0, -0.698215, 0, 1, 0, 0.698215, 0, 0.715888, 1.88774, -0.000856221, -3.05751 )

[node name="SM_TrashBin_Yellow2" parent="Yellow" index="1" instance=ExtResource( 4 )]
transform = Transform( 0.999491, 0, -0.0318991, 0, 1, 0, 0.0318991, 0, 0.999491, 3.14765, -0.000856221, -1.93726 )

[node name="SM_TrashBin_Yellow3" parent="Yellow" index="2" instance=ExtResource( 4 )]
transform = Transform( 0.983388, 0, -0.181515, 0, 1, 0, 0.181515, 0, 0.983388, -3.06234, -0.000856221, -2.54131 )

[node name="SM_GarbageTruck_Yelllow" parent="Yellow" index="3" instance=ExtResource( 9 )]

[node name="Green" type="Spatial" parent="." index="3"]
visible = false

[node name="SM_TrashBIn_Green" parent="Green" index="0" instance=ExtResource( 3 )]
transform = Transform( 0.989162, 0, 0.146825, 0, 1, 0, -0.146825, 0, 0.989162, -3.12181, -0.000856221, 2.73396 )

[node name="SM_TrashBIn_Green2" parent="Green" index="1" instance=ExtResource( 3 )]
transform = Transform( 0.989162, 0, 0.146825, 0, 1, 0, -0.146825, 0, 0.989162, 1.77472, -0.000855744, 2.97441 )

[node name="SM_TrashBIn_Green3" parent="Green" index="2" instance=ExtResource( 3 )]
transform = Transform( 0.969011, 0, 0.247016, 0, 1, 0, -0.247016, 0, 0.969011, 3.01545, -0.000856221, 3.02639 )

[node name="SM_GarbageTruck_Green" parent="Green" index="3" instance=ExtResource( 8 )]

[node name="SM_Building_Industry" parent="." index="4" instance=ExtResource( 1 )]
